DIFF between market prices and obtained (< 0.3) lambda (concentration weight = 0.05) and mutation = 0.05, disc K = 10

dp =

  Columns 1 through 14

         0         0         0         0         0         0         0         0         0         0         0         0         0         0
    0.0224    1.0858    0.6992    0.3534    0.2082    0.1180    0.0584    0.1401    0.4262    0.2604    0.6454    0.7709    0.6846    0.6941
         0    1.7055    1.1754    0.7316    0.4261    0.2738    0.0698    0.0681    0.2098    0.1062    0.2924    0.1601    0.3895    0.2753
         0    1.6969    1.3952    1.0473    0.7067    0.4388    0.1516    0.0679    0.1253    0.2711    0.1068    0.3523    0.1832    0.3736
         0    1.5682    1.3453    1.0592    0.7245    0.3785    0.0946    0.0134    0.1693    0.0032    0.0188    0.0792    0.3324    0.0949
    0.1128    1.4310    1.5149    1.2319    1.0578    0.8107    0.3573    0.1233    0.1993    0.2380    0.3156    0.3845    0.3889    0.3478
         0    0.9613    0.9854    0.9745    0.9140    0.7907    0.4413    0.1791    0.1234    0.1472    0.2413    0.3770    0.3754    0.3744
    0.0784    0.9436    0.9583    0.9367    0.9791    0.7668    0.6078    0.2830    0.1776    0.2205    0.1927    0.1657    0.2470    0.2274
    0.1011    0.2914    0.0412    0.1653    0.2862    0.3602    0.3415    0.2989    0.2575    0.2477    0.2952    0.2067    0.1740    0.1473
    0.1011    0.2508    0.1700    0.2085    0.3020    0.4234    0.4262    0.4154    0.4519    0.3555    0.3279    0.3028    0.2781    0.3098
    0.1247    0.2008    0.0629    0.1885    0.2825    0.3672    0.4566    0.4565    0.4781    0.5124    0.5648    0.4798    0.4135    0.3445

  Columns 15 through 28

         0         0         0         0         0         0         0         0         0         0         0         0         0         0
    0.5737    0.2352    0.0280    0.2158    0.5376    0.5728    0.4402    0.6151    0.7250    0.7972    0.8467    0.8817    0.8991    0.9124
    0.0190    0.0067    0.0193    0.3065    0.5608    0.5995    0.5872    0.6499    0.6899    0.7120    0.7165    0.6978    0.7506    0.7924
    0.2346    0.0501    0.0272    0.2342    0.3981    0.5231    0.6175    0.6894    0.7448    0.7879    0.8220    0.8492    0.8714    0.8897
    0.0191    0.1716    0.0120    0.1671    0.2970    0.4051    0.4945    0.5684    0.6295    0.6801    0.7223    0.7577    0.7877    0.8133
    0.4078    0.3056    0.2242    0.1880    0.0510    0.0740    0.0002    0.0766    0.1414    0.1946    0.2366    0.2670    0.3415    0.4072
    0.3749    0.0152    0.0069    0.0204    0.0606    0.1391    0.2864    0.1577    0.0414    0.0633    0.1575    0.2421    0.3183    0.3871
    0.2074    0.1932    0.0529    0.1585    0.0411    0.0064    0.0903    0.0214    0.0413    0.0981    0.1489    0.1941    0.2643    0.3287
    0.1259    0.1197    0.0379    0.0861    0.1261    0.1308    0.1265    0.1730    0.2154    0.2535    0.2872    0.3164    0.3733    0.4256
    0.2124    0.1833    0.0273    0.0392    0.0906    0.0657    0.0247    0.0865    0.1429    0.1943    0.2412    0.2837    0.3389    0.3897
    0.3072    0.2474    0.1522    0.0660    0.0054    0.0235    0.0303    0.0880    0.1394    0.1848    0.2247    0.2590    0.3257    0.3865
