DIFF between market prices and obtained (< 0.3) lambda (concentration weight = 0.03) and mutation = 0.05, disc K = 10

dp =

  Columns 1 through 14

         0         0         0         0         0         0         0         0         0         0         0         0         0         0
    0.0224    0.1885    0.2026    0.1695    0.1763    0.1477    0.0158    0.1817    0.3527    0.0193    0.2037    0.1719    0.0111    0.1266
         0    0.5068    0.3054    0.2426    0.2422    0.2868    0.1684    0.1698    0.1912    0.0796    0.0112    0.1953    0.1363    0.2943
         0    0.6504    0.4281    0.3368    0.3181    0.3551    0.2761    0.2355    0.1935    0.1973    0.0727    0.0066    0.4611    0.1980
         0    0.7186    0.4635    0.3164    0.2342    0.1926    0.1833    0.2137    0.3156    0.0242    0.0992    0.1660    0.0961    0.3478
    0.1128    1.1850    0.8763    0.5542    0.4815    0.4901    0.3997    0.3619    0.3918    0.3066    0.1725    0.0676    0.0645    0.2066
         0    1.4531    0.9249    0.6438    0.5153    0.4940    0.4093    0.3809    0.2998    0.2104    0.0887    0.0511    0.0731    0.1819
    0.0784    3.2007    2.0637    1.3969    1.1202    0.7927    0.6830    0.4453    0.3220    0.2544    0.0006    0.1265    0.1479    0.2341
    0.1011    4.1013    3.5001    3.0510    2.5865    2.2014    1.7258    1.2366    0.6980    0.1995    0.0561    0.0563    0.1029    0.1432
    0.1011    0.5550    1.0075    1.3150    1.5377    1.7203    1.6292    1.4757    1.3366    0.9017    0.5323    0.2875    0.1258    0.0675
    0.1247    2.1166    2.0182    1.9097    1.8643    1.8465    1.8409    1.6292    1.3972    1.1264    0.8357    0.4685    0.2255    0.0671

  Columns 15 through 28

         0         0         0         0         0         0         0         0         0         0         0         0         0         0
    0.2794    0.4613    0.5203    0.5155    0.6241    0.5640    0.3332    0.4962    0.6243    0.7237    0.7999    0.8574    0.8914    0.9180
    0.4959    0.5399    0.5005    0.6161    0.7182    0.7096    0.6755    0.7127    0.7440    0.7687    0.7856    0.7913    0.8472    0.8898
    0.3622    0.5054    0.5418    0.6228    0.6857    0.7397    0.7869    0.8277    0.8627    0.8922    0.9167    0.9367    0.9528    0.9653
    0.4897    0.4585    0.5630    0.6355    0.6928    0.7427    0.7871    0.8262    0.8600    0.8890    0.9135    0.9338    0.9502    0.9632
    0.2844    0.4240    0.5006    0.5394    0.6097    0.6208    0.6684    0.7166    0.7601    0.7989    0.8330    0.8624    0.8962    0.9230
    0.2883    0.5457    0.5945    0.6218    0.6354    0.6384    0.6267    0.6966    0.7571    0.8087    0.8521    0.8880    0.9168    0.9394
    0.3213    0.4035    0.5301    0.5352    0.6528    0.6719    0.6822    0.7362    0.7831    0.8238    0.8587    0.8883    0.9165    0.9386
    0.1856    0.2283    0.3958    0.4878    0.5679    0.6221    0.6669    0.7245    0.7731    0.8141    0.8487    0.8777    0.9067    0.9297
    0.0477    0.0819    0.2285    0.3142    0.3940    0.4309    0.4693    0.5664    0.6539    0.7307    0.7958    0.8489    0.8928    0.9243
    0.0275    0.0159    0.1149    0.2213    0.3212    0.3832    0.4381    0.5206    0.5947    0.6603    0.7174    0.7661    0.8170    0.8575

