

dp =

  Columns 1 through 14

         0         0         0         0         0         0         0         0         0         0         0         0         0         0
    0.0224    0.0725    0.0709    0.0891    0.1139    0.0928    0.0591    0.1615    0.4506    0.2348    0.4054    0.2995    0.1060    0.0657
         0    0.0150    0.0342    0.0597    0.0952    0.1490    0.0525    0.1008    0.2441    0.0998    0.1758    0.0422    0.0530    0.0787
         0    0.0142    0.0322    0.0561    0.0893    0.1406    0.0862    0.1020    0.1652    0.2835    0.0475    0.1883    0.3340    0.0593
         0    0.0050    0.0111    0.0187    0.0282    0.0382    0.0321    0.0396    0.2143    0.0234    0.0153    0.0223    0.1228    0.1365
    0.1128    0.0874    0.1605    0.0971    0.1259    0.1718    0.1233    0.1439    0.2483    0.2726    0.2852    0.2700    0.1816    0.0590
         0    0.0120    0.0272    0.0472    0.0751    0.1201    0.0921    0.1281    0.1409    0.1671    0.2051    0.2605    0.1718    0.0819
    0.0784    0.0812    0.0846    0.0812    0.1340    0.0691    0.0875    0.0331    0.0628    0.1472    0.0882    0.0214    0.0387    0.0317
    0.1011    0.1130    0.1102    0.1135    0.0776    0.0401    0.0133    0.0168    0.0051    0.0367    0.0802    0.0057    0.0243    0.0456
    0.1011    0.0911    0.0916    0.0924    0.0943    0.1088    0.0707    0.0848    0.1586    0.1067    0.0631    0.0216    0.0123    0.0153
    0.1247    0.1495    0.1816    0.1531    0.1189    0.0870    0.0938    0.0821    0.0964    0.1196    0.1544    0.0912    0.0488    0.0103

  Columns 15 through 28

         0         0         0         0         0         0         0         0         0         0         0         0         0         0
    0.0486    0.0595    0.1362    0.1790    0.4387    0.4477    0.3052    0.5853    0.7684    0.8812    0.9454    0.9783    0.9923    0.9979
    0.2499    0.2136    0.1250    0.3581    0.5729    0.6139    0.6320    0.7324    0.8136    0.8768    0.9236    0.9560    0.9840    0.9955
    0.0570    0.1728    0.2116    0.3709    0.5131    0.6357    0.7375    0.8195    0.8831    0.9298    0.9619    0.9819    0.9928    0.9978
    0.2519    0.1060    0.2523    0.3862    0.5092    0.6195    0.7151    0.7959    0.8617    0.9128    0.9500    0.9748    0.9894    0.9965
    0.0451    0.0522    0.1404    0.2081    0.3513    0.4032    0.5160    0.6269    0.7257    0.8105    0.8794    0.9315    0.9694    0.9892
    0.0167    0.2735    0.3122    0.3468    0.3782    0.4036    0.4159    0.5613    0.6867    0.7904    0.8715    0.9300    0.9677    0.9882
    0.0847    0.1173    0.2562    0.2352    0.4220    0.4591    0.4917    0.6013    0.7009    0.7884    0.8616    0.9188    0.9608    0.9849
    0.0523    0.0471    0.2092    0.2948    0.3830    0.4514    0.5199    0.6172    0.7070    0.7876    0.8569    0.9128    0.9562    0.9823
    0.0313    0.0185    0.1467    0.2271    0.3140    0.3585    0.4088    0.5282    0.6392    0.7389    0.8243    0.8930    0.9449    0.9769
    0.0019    0.0369    0.1188    0.2119    0.3092    0.3798    0.4529    0.5590    0.6589    0.7499    0.8292    0.8943    0.9461    0.9777